====================================================================================================
GBM COST-ACCURACY SUMMARY TABLE
====================================================================================================
Scheme      n_steps          h         RMSE      RMSE SE    Wall(s)          Iters            Ops
----------------------------------------------------------------------------------------------------
EM                4    0.25000    9.454e-02    1.458e-03      0.000         80,000        640,000
EM                8    0.12500    6.299e-02    8.525e-04      0.000        160,000      1,280,000
EM               16    0.06250    4.366e-02    5.273e-04      0.001        320,000      2,560,000
EM               32    0.03125    2.986e-02    2.866e-04      0.001        640,000      5,120,000
EM               64    0.01562    2.108e-02    1.863e-04      0.003      1,280,000     10,240,000
EM              128    0.00781    1.483e-02    1.188e-04      0.007      2,560,000     20,480,000
EM              256    0.00391    1.045e-02    8.150e-05      0.017      5,120,000     40,960,000
Milstein          4    0.25000    5.076e-02    6.263e-04      0.000         80,000      1,200,000
Milstein          8    0.12500    2.668e-02    3.340e-04      0.001        160,000      2,400,000
Milstein         16    0.06250    1.369e-02    1.728e-04      0.001        320,000      4,800,000
Milstein         32    0.03125    6.941e-03    8.676e-05      0.002        640,000      9,600,000
Milstein         64    0.01562    3.511e-03    4.510e-05      0.005      1,280,000     19,200,000
Milstein        128    0.00781    1.761e-03    2.304e-05      0.013      2,560,000     38,400,000
Milstein        256    0.00391    8.808e-04    1.132e-05      0.032      5,120,000     76,800,000
====================================================================================================

NOT COUNTED in the above:
  - Brownian increment generation (standard_bm)
  - Exact-solution evaluation used as reference
  - Memory allocation, GC, interpreter startup
  - NumPy vectorisation efficiency differences between schemes
